,E,B,G
0,9.650182362706305e+12,231601004030.72794,1411683337885.6648
1,2499125266493.885,94805971870.01457,463202005854.93555
2,1047398094164.8652,58671678163.233315,237014908399.42456
3,652372520349.206,51686665916.66887,176014601775.38434
4,570831966261.085,62344466683.68883,180899161202.20056
5,675023998024.2771,100673173608.68707,249293054677.8032
6,1052369699385.0715,218429081090.28455,452212058031.9569
7,2108473853816.24,648267007751.3196,1075522242283.7316
8,5699721898369.113,2998114225398.623,3405292794005.6074
9,16505283650211.652,18381062679736.21,14730545371549.143
10,113111323019836.28,189415291897870.56,88082460687459.34
11,125428976355485.95,1694164520095424.8,687311607039944.0
12,8839321925411938.0,2.429932261475531e+16,6552922341473693.0
13,-2.896533926902404e+16,2.3579329760562614e+17,6.9229875413992296e+16
14,1.245471517806541e+18,3.7717386189143153e+18,7.98193964036394e+17
15,-7.027624014149902e+18,3.7174541333399036e+19,9.41336529143997e+18
16,2.0454892715967935e+20,6.249440533567221e+20,1.1677252580746158e+20
17,-1.3681283447171035e+21,6.17563982906732e+21,1.4411132069237233e+21
18,3.529560627532736e+22,1.0693706219794547e+23,1.8512637300678196e+22
19,-2.5506490291369702e+23,1.0562563280587309e+24,2.338755281552644e+23
20,6.231177099703483e+24,1.8667020174525206e+25,3.0659579153877814e+24
21,-4.701646050842775e+25,1.8414898660557605e+26,3.928753951396391e+25
22,1.1151903409391547e+27,3.304456424963952e+27,5.2198832054132714e+26
23,-8.647019074474913e+27,3.255206485037763e+28,6.753459818785026e+27
24,2.014889000255641e+29,5.911746696652384e+29,9.059756912253678e+28
25,-1.591733563847834e+30,5.815624376683089e+30,1.180368528987047e+30
26,3.666794234908342e+31,1.0665085054297253e+32,1.5950913415822722e+31
27,-2.9361140736115268e+32,1.0478314198929095e+33,2.0893169626463522e+32
28,6.711744589026451e+33,1.9372293318469743e+34,2.839761559308015e+33
29,-5.429395072578981e+34,1.9011001697184737e+35,3.735380496704515e+34
30,1.234447362730145e+36,3.5389991577121826e+36,5.100966920251935e+35
31,-1.0065650936084761e+37,3.4693639045865e+37,6.732819607926854e+36
32,2.27974983151748e+38,6.4967191928899654e+38,9.230184005262112e+37
33,-1.8707595747154464e+39,6.362872556791954e+39,1.2217819968586065e+39
34,4.2251442845933786e+40,1.1976612120867808e+41,1.6805121023647973e+40
35,-3.485193246224668e+41,1.1719857080581428e+42,2.2298304309759115e+41
36,7.855026640912862e+42,2.2160005577400177e+43,3.075749136841155e+42
37,-6.507371205198385e+43,2.166816917508893e+44,4.08957526140142e+43
38,1.464377793232974e+45,4.113525090648798e+45,5.6549213551587605e+44
39,-1.2175566930422714e+46,4.019399172080538e+46,7.532372552562879e+45
40,2.7367299007702446e+47,7.65793430543375e+47,1.043802431033543e+47
41,-2.2825201998637013e+48,7.477909037663061e+48,1.3925312191461183e+48
42,5.125995551063655e+49,1.4293290609885908e+50,1.9333999884202386e+49
43,-4.286693742426379e+50,1.3949094901356294e+51,2.58291686723357e+50
44,9.620595456078665e+51,2.674026031079259e+52,3.5922581393967885e+51
45,-8.06413070225424e+52,2.608228526763478e+53,4.80498773631433e+52
46,1.8089463909877882e+54,5.013228026349962e+54,6.692893743275844e+53
47,-1.5193900335233062e+55,4.8874488900899885e+55,8.962292119956829e+54
48,3.4070795470067845e+56,9.416862161781955e+56,1.2500884578933106e+56
49,-2.866891509683737e+57,9.176397990153867e+57,1.6756335470298042e+57
50,6.427068530379649e+58,1.7719889290998352e+59,2.3401584987088815e+58
51,-5.416780203845473e+59,1.7260088121124918e+60,3.13961326143313e+59
52,1.2141320772226431e+61,3.3397945096295164e+61,4.389741829703723e+60
53,-1.0247562092999459e+62,3.251853004825019e+62,5.894234134072074e+61
54,2.2966533457414866e+63,6.304167378981137e+63,8.249829650869051e+62
55,-1.940948882242372e+64,6.13592280837152e+64,1.1085630204766452e+64
56,4.349713487125813e+65,1.1916164832528923e+66,1.5530880113137602e+65
57,-3.680354872514244e+66,1.1594187397930604e+67,2.088390635592193e+66
58,8.247550837220087e+67,2.2552925536821125e+68,2.928418387859176e+67
59,-6.985829469764017e+68,2.1936533839721024e+69,3.940265594636105e+68
60,1.5655092793687422e+70,4.27354495535261e+70,5.529729370496052e+69
61,-1.3273090418905978e+71,4.1555015647674053e+71,7.444783575045168e+70
62,2.974561355157994e+72,8.106959217618601e+72,1.0455910494675394e+72
63,-2.524220292589163e+73,7.880815639503494e+73,1.4084690388786622e+73
64,5.657179886847769e+74,1.5395037012974192e+75,1.979545881724699e+74
65,-4.804640837904739e+75,1.4961639134199434e+76,2.6679129407573185e+75
66,1.0768678009622871e+77,2.926363077724139e+77,3.752129452188511e+76
67,-9.152763276846963e+77,2.8432728339321183e+78,5.059290429769159e+77
68,2.0515771947148503e+79,5.567685382192814e+79,7.119755505423089e+78
69,-1.7449458011119337e+80,5.408327449949938e+80,9.604375869412927e+79
70,3.9116143091429114e+81,1.0602218307615228e+82,1.3523748928805204e+81
71,-3.329141988667299e+82,1.0296475287275422e+83,1.825077351828778e+82
72,7.463597186116531e+83,2.020565675788542e+84,2.5712625403867955e+83
73,-6.356044697898625e+84,1.9618847727291927e+85,3.471360122723347e+84
74,1.4251060230858346e+86,3.853751974836363e+86,4.8931449677576925e+85
75,-1.2143128856528492e+87,3.7410861854008155e+87,6.608461326425316e+86
76,2.722934127064765e+88,7.355481285026112e+88,9.31964350999237e+87
77,-2.3213957348489348e+89,7.139090043215886e+89,1.2591034644346442e+89
78,5.205991276956578e+90,1.4048772730239499e+91,1.7764755556097267e+90
79,-4.440476263130816e+91,1.3633018505768194e+92,2.400837709669396e+91
80,9.959385195015615e+92,2.685037328404972e+93,3.388822124885601e+92
81,-8.498836887117093e+93,2.605131236653788e+94,4.58127204375625e+93
82,1.9063904201629815e+95,5.134909087843539e+95,6.4691963966432595e+94
83,-1.6275247790959108e+96,4.981282613756601e+96,8.748111108737062e+95
84,3.651150253652314e+97,9.82590494848409e+97,1.2357986622572325e+97
85,-3.1183384909546285e+98,9.53044960818958e+98,1.6715977582971098e+98
86,6.996409616008143e+99,1.8812977790969884e+100,2.3622505695790373e+99
87,-5.977732525719016e+100,1.824457807772254e+101,3.1961273899000402e+100
88,1.3413381243284464e+102,3.603930249779325e+102,4.51825988738296e+101
89,-1.1464574942056804e+103,3.4945475362628813e+103,6.114737057698637e+102
90,2.572819677372631e+104,6.907461918463301e+104,8.647102518364921e+103
91,-2.19977849228941e+105,6.696903309549048e+105,1.1705243480760447e+105
92,4.937187256361856e+106,1.3245673644813545e+107,1.65581656845761e+106
93,-4.22270996998996e+107,1.2840236582731555e+108,2.2419220244501318e+107
94,9.478523905851016e+108,2.541170548564758e+109,3.172378088523332e+108
95,-8.109370610524524e+109,2.4630803115917635e+110,4.296226397189614e+109
96,1.8204756776994067e+111,4.877408804933336e+111,6.08104752185188e+110
97,-1.5579710222479213e+112,4.726959680363453e+112,8.237024500999047e+111
98,3.497879019372355e+113,9.365522081349582e+113,1.1662265170551123e+113
99,-2.994339864114895e+114,9.075588135023279e+114,1.5800131287319908e+114
100,6.723470834008835e+115,1.799097573783768e+116,2.2376359525604534e+115
101,-5.757127451887375e+116,1.7432091490510035e+117,3.0321408439002317e+116
102,1.2928394851633378e+118,3.457404488923709e+118,4.2952601572711966e+117
103,-1.1073057019361106e+119,3.349645111796076e+119,5.821409246959388e+118
104,2.4868632530962435e+120,6.646785874485254e+120,8.248501951993278e+119
105,-2.130494450881223e+121,6.438961845300458e+121,1.1181221036849213e+121
106,4.785305102047866e+122,1.2783002379180124e+123,1.5846697971845257e+122
107,-4.1005206700588075e+123,1.2382097724671512e+124,2.1484507131612046e+123
108,9.211117502610282e+124,2.4592787383860454e+125,3.045604742909091e+124
109,-7.8947460870544e+125,2.381923748226795e+126,4.129807099852771e+125
110,1.7735964038882318e+127,4.7329366812008e+127,5.855618021939016e+126
111,-1.5204529846623156e+128,4.5836452770982365e+128,7.941378418904737e+127
112,3.4161124843121154e+129,9.111635633661426e+129,1.1262378877513798e+129
113,-2.929131345320444e+130,8.823446291945764e+130,1.5276282429662504e+130
114,6.581725477286351e+131,1.754686953188366e+132,2.1669047949783004e+131
115,-5.6445757712167616e+132,1.699043359886661e+133,2.939607710864339e+132
116,1.268449534127694e+134,3.3801487210018165e+134,4.1705781279636654e+133
117,-1.0880433135047413e+135,3.272689389154683e+135,5.658555106700481e+134
118,2.4452781133523703e+136,6.51328803062561e+136,8.029604544684696e+135
119,-2.0978744217868835e+137,6.305719040327665e+137,1.0895848287481473e+137
120,4.715209383731276e+138,1.2554191691653756e+139,1.5464238121771063e+138
121,-4.046014353648799e+139,1.2153169960628235e+140,2.0987030584398696e+139
122,9.094683064884652e+140,2.42045561075951e+141,2.979165613683927e+140
123,-7.805241745606886e+141,2.342963365784622e+142,4.043624035414818e+141
124,1.754625392882114e+143,4.667899352356303e+143,5.741006312448164e+142
125,-1.5060966936355661e+144,4.51812710243615e+144,7.793202843632215e+143
126,3.3860086661851825e+145,9.004469375121212e+145,1.1066349973975999e+145
127,-2.9068566481315203e+146,8.714944964974203e+146,1.5023892196823238e+146
128,6.535747314852518e+147,1.7374147778247471e+148,2.1337312864824953e+147
129,-5.611713538712909e+148,1.6814367299310065e+149,2.8971183679664407e+148
130,1.2618357902581023e+150,3.35315993565897e+150,4.115192401578812e+149
131,-1.0835912394385844e+151,3.244910130657275e+151,5.588092030955889e+150
132,2.4367324012446655e+152,6.473023442044337e+152,7.938747547253156e+151
133,-2.0928144081254986e+153,6.263654891918539e+153,1.0781291688952457e+153
134,4.70660100729122e+154,1.2498536797465382e+155,1.531869500307865e+154
135,-4.0428575383419084e+155,1.209352383893576e+156,2.080580637978915e+155
136,9.092823092017814e+156,2.413833516711298e+157,2.956624322308651e+156
137,-7.811528414967165e+157,2.335472907821627e+158,4.0160725713077516e+157
138,1.7570304758500529e+159,4.662821536680836e+159,5.70784193916671e+158
139,-1.5096314372144142e+160,4.511187599745112e+160,7.75387285131232e+159
140,3.395834639711719e+161,9.009090080210154e+161,1.1021637179749855e+161
141,-2.918036791373227e+162,8.715620482958443e+162,1.4973831519198049e+162
142,6.56444565588634e+163,1.7410095346525502e+164,2.1287063658517015e+163
143,-5.641481838014847e+164,1.6842032559405413e+165,2.8922877954733437e+164
144,1.2692043725590914e+166,3.3651698681276005e+166,4.112236725859641e+165
145,-1.090877536774397e+167,3.255194719660975e+167,5.587810102483177e+166
146,2.454397103646509e+168,6.505730891803164e+168,7.945669546633168e+167
147,-2.109779364094451e+169,6.29279136332508e+169,1.079768701287732e+169
148,4.7471804999125195e+170,1.2579581556452095e+171,1.5355727277548768e+170
149,-4.081072077528666e+171,1.2167218165366017e+172,2.086922374053181e+171
150,9.183373887375711e+172,2.432848804903974e+173,2.968214916965071e+172
151,-7.89561021738199e+173,2.352982312045392e+174,4.0342789658398617e+173
152,1.776815908942959e+175,4.705879275175109e+175,5.738561249271039e+174
153,-1.5278103511816913e+176,4.551172804127341e+176,7.800228600596868e+175
154,3.4383838944721848e+177,9.104187149097338e+177,1.1096631972872623e+177
155,-2.9568117966607546e+178,8.804470824033136e+178,1.5084409247088773e+178
156,6.654818924969997e+179,1.7616287030041842e+180,2.1461381534431726e+179
157,-5.723301761879551e+180,1.7035563918117136e+181,2.9176066361409227e+180
158,1.2882089923192855e+182,3.4092475089109326e+182,4.151455941507258e+181
159,-1.107992045633371e+183,3.2967136030338375e+183,5.644176597565721e+182
160,2.494037239532874e+184,6.598904684142701e+184,8.031884792559733e+183
161,-2.1453198158231512e+185,6.380806494588642e+185,1.0920635716230662e+185
162,4.829302905853791e+186,1.2774756525110677e+187,1.55419990483549e+186
163,-4.154428387109712e+187,1.2352015920099653e+188,2.1133276752583776e+187
164,9.35253416349166e+188,2.47342762536985e+189,3.007923728811344e+188
165,-8.046237073227838e+189,2.391477807887363e+190,4.090303624073262e+189
166,1.8114902465020733e+191,4.789718480721486e+191,5.8223127266014925e+190
167,-1.5586019768364378e+192,4.630837080978116e+192,7.917941723617826e+191
168,3.5091593085728744e+193,9.276484833163155e+193,1.127174882546283e+193
169,-3.019514083292781e+194,8.968415750592516e+194,1.5329762542122552e+194
170,6.798751321013242e+195,1.7968758732841245e+196,2.1824912093846747e+195
171,-5.850553712136455e+196,1.737134920316373e+197,2.968406086176736e+196
172,1.3173854469554573e+198,3.4810677381277105e+198,4.2264676625311375e+197
173,-1.1337404424691937e+199,3.3652049004474895e+199,5.748762971735999e+198
174,2.5530122213661004e+200,6.744740566955559e+200,8.18587147390588e+199
175,-2.197281962056157e+201,6.520009455490832e+201,1.113492241137971e+201
176,4.948208490657399e+202,1.3069984424048835e+203,1.5856712323663256e+202
177,-4.259044663969126e+203,1.2634042807934265e+204,2.15705015909717e+203
178,9.591729659126272e+204,2.5330318382240413e+205,3.071997159022942e+204
179,-8.256417776602617e+205,2.4484574927541037e+206,4.179190349996808e+205
180,1.8595100588309523e+207,4.909765395838871e+207,5.9523236915474344e+206
181,-1.6007482507294189e+208,4.7456711825897445e+208,8.09807083752978e+207
182,3.605385058388957e+209,9.517746712371313e+209,1.1534772074463355e+209
183,-3.103882030669234e+210,9.199333312469132e+210,1.56937669144253e+210
184,6.991255792467884e+211,1.8452690273611504e+212,2.2355632578291614e+211
185,-6.019176705678674e+212,1.7834770598657125e+213,3.0417798140712293e+212
186,1.3558388518337252e+214,3.577966433888879e+214,4.333303858345665e+213
187,-1.1673945192458777e+215,3.4580401103615016e+215,5.896334054004743e+214
188,2.6297185221559924e+216,6.938454785315083e+216,8.400485073553632e+215
189,-2.2643620338703773e+217,6.705678872266408e+217,1.1431124145988245e+217
