# This data is taken from: https://arxiv.org/abs/2005.03544
# Adaptation: added in frequencies in Hz corresponding to T in GeV
#
### Effective degrees of freedom for the energy density and for the entropy density in the Standard Model.
### Data points are spaced over the interval in log(T).
### 
### K. Saikawa and S. Shirai (2020).
#
T[GeV] f[Hz] g_*rho g_*s
1e-05 1.4203701573381745e-13 3.38308 3.93094
1.05e-05 1.4913886652050832e-13 3.38308 3.93094
1.1025e-05 1.5659580984653376e-13 3.38308 3.93094
1.15763e-05 1.6442631052393908e-13 3.38308 3.93094
1.21551e-05 1.7264741299461243e-13 3.38308 3.93094
1.27628e-05 1.812790024407565e-13 3.38308 3.93094
1.3401e-05 1.9034380478488875e-13 3.38308 3.93094
1.4071e-05 1.9986028483905451e-13 3.38308 3.93094
1.47746e-05 2.0985400926608593e-13 3.38308 3.93094
1.55133e-05 2.2034628361834301e-13 3.38308 3.93094
1.62889e-05 2.313626745586579e-13 3.38308 3.93094
1.71034e-05 2.4293158949017733e-13 3.38308 3.93094
1.79586e-05 2.550785950757335e-13 3.38308 3.93094
1.88565e-05 2.678320987184729e-13 3.38308 3.93094
1.97993e-05 2.812233485618572e-13 3.38308 3.93094
2.07893e-05 2.952850131195051e-13 3.38308 3.93094
2.18287e-05 3.1004834053487814e-13 3.38308 3.93094
2.29202e-05 3.255516808022243e-13 3.38308 3.93094
2.40662e-05 3.4182962800896586e-13 3.38309 3.93094
2.52695e-05 3.5892096737218847e-13 3.38309 3.93094
2.6533e-05 3.7686705126082394e-13 3.38309 3.93095
2.78596e-05 3.9571052775509395e-13 3.38311 3.93096
2.92526e-05 4.154974757801725e-13 3.38314 3.93098
3.07152e-05 4.3627329759775017e-13 3.38319 3.93103
3.2251e-05 4.58091093259018e-13 3.3833 3.93113
3.38635e-05 4.810011021325421e-13 3.38349 3.93131
3.55567e-05 5.050643586910707e-13 3.38384 3.93162
3.73346e-05 5.303401173636211e-13 3.38442 3.93215
3.92013e-05 5.56895422436903e-13 3.38539 3.93302
4.11614e-05 5.848042928612703e-13 3.38693 3.93442
4.32194e-05 6.141467171103458e-13 3.38932 3.9366
4.53804e-05 6.45017217401945e-13 3.39292 3.93989
4.76494e-05 6.775188134946731e-13 3.39821 3.94472
5.00319e-05 7.117694984523378e-13 3.40577 3.95165
5.25335e-05 7.479044956973172e-13 3.41632 3.96133
5.51602e-05 7.860776080959826e-13 3.4307 3.97455
5.79182e-05 8.264624103360524e-13 3.44988 3.99222
6.08141e-05 8.692549080789639e-13 3.47492 4.01533
6.38548e-05 9.146713756981467e-13 3.50696 4.04496
6.70475e-05 9.629528835072306e-13 3.54722 4.08223
7.03999e-05 1.014354147575727e-12 3.59687 4.12826
7.39199e-05 1.0691490399116321e-12 3.6571 4.18415
7.76159e-05 1.1276166161656574e-12 3.72896 4.25091
8.14967e-05 1.1900527677307248e-12 3.81343 4.3294
8.55715e-05 1.2567423361257948e-12 3.91125 4.42033
8.98501e-05 1.3279769167815474e-12 4.023 4.5242
9.43426e-05 1.4040347128498618e-12 4.149 4.64128
9.90597e-05 1.4851867540847944e-12 4.28929 4.77154
0.000104013 1.5716938175061988e-12 4.44365 4.91475
0.000109213 1.6637826241684528e-12 4.61158 5.07038
0.000114674 1.761715109412887e-12 4.7923 5.23765
0.000120408 1.8657009417143614e-12 4.9848 5.41557
0.000126428 1.975948407515075e-12 5.18785 5.60295
0.000132749 2.0926770365860545e-12 5.4 5.79843
0.000139387 2.216117785851908e-12 5.61971 6.00056
0.000146356 2.3464543014852872e-12 5.84529 6.20779
0.000153674 2.483931295684838e-12 6.07501 6.41853
0.000161358 2.6287746259209535e-12 6.30714 6.63121
0.000169426 2.781223693990498e-12 6.53998 6.84431
0.000177897 2.9415333005520435e-12 6.77187 7.05635
0.000186792 3.1099966208350434e-12 7.00129 7.26599
0.000196131 3.2868902586764643e-12 7.22681 7.47198
0.000205938 3.4725702042346927e-12 7.44719 7.67322
0.000216235 3.667352609777598e-12 7.6613 7.86876
0.000227047 3.8716232572182925e-12 7.86822 8.05778
0.000238399 4.0857645934179405e-12 8.06717 8.23963
0.000250319 4.3102265308552754e-12 8.25757 8.4138
0.000262835 4.54545953407373e-12 8.43896 8.5799
0.000275977 4.791961961511934e-12 8.61106 8.73768
0.000289775 5.050227775501435e-12 8.7737 8.88703
0.000304264 5.320862745069463e-12 8.92686 9.02789
0.000319477 5.60442787395477e-12 9.0706 9.16034
0.000335451 5.901570203989771e-12 9.20508 9.2845
0.000352224 6.212953384947039e-12 9.33053 9.40058
0.000369835 6.539271682768662e-12 9.44725 9.50882
0.000388327 6.881286002938674e-12 9.55558 9.60953
0.000407743 7.2397704268181565e-12 9.6559 9.70302
0.00042813 7.615570798752698e-12 9.74861 9.78963
0.000449537 8.009561861333525e-12 9.83411 9.86973
0.000472014 8.422660797832229e-12 9.91285 9.94368
0.000495614 8.855833115541716e-12 9.98523 10.0118
0.000520395 9.310102887085469e-12 10.0517 10.0746
0.000546415 9.786533589171852e-12 10.1126 10.1323
0.000573736 1.0286305894644405e-11 10.1684 10.1852
0.000602422 1.0810491122106284e-11 10.2194 10.2338
0.000632544 1.1360439960925845e-11 10.266 10.2783
0.000664171 1.1937446154163973e-11 10.3086 10.319
0.000697379 1.2542841057249957e-11 10.3475 10.3563
0.000732248 1.3178087217184327e-11 10.3829 10.3903
0.000768861 1.384464239631634e-11 10.4151 10.4214
0.000807304 1.4544176917416045e-11 10.4445 10.4498
0.000847669 1.5278350229121357e-11 10.4713 10.4757
0.000890052 1.6048820177496638e-11 10.4956 10.4993
0.000934555 1.6857501622281473e-11 10.5177 10.5208
0.000981283 1.7706297773097076e-11 10.5378 10.5404
0.00103035 1.85973374718414e-11 10.5561 10.5582
0.00108186 1.9532431820100357e-11 10.5727 10.5744
0.00113596 2.0514254073185388e-11 10.5878 10.5892
0.00119276 2.1544850071596824e-11 10.6015 10.6026
0.00125239 2.262642783390509e-11 10.6139 10.6149
0.00131501 2.3762121846572764e-11 10.6252 10.626
0.00138076 2.495440539121729e-11 10.6355 10.6361
0.0014498 2.6206143622540726e-11 10.6448 10.6452
0.00152229 2.7520068839144762e-11 10.6532 10.6536
0.00159841 2.889983260524939e-11 10.6609 10.6611
0.00167833 3.034808775571448e-11 10.6678 10.668
0.00176224 3.186851036908849e-11 10.6741 10.6743
0.00185035 3.346498174138619e-11 10.6798 10.6799
0.00194287 3.514112699195669e-11 10.685 10.6851
0.00204002 3.690112059992786e-11 10.6897 10.6897
0.00214202 3.874875575427077e-11 10.694 10.694
0.00224912 4.068858466263769e-11 10.6978 10.6978
0.00236157 4.272523464225206e-11 10.7013 10.7013
0.00247965 4.4863759050416955e-11 10.7045 10.7045
0.00260363 4.710902851826257e-11 10.7074 10.7074
0.00273382 4.9466635393386434e-11 10.71 10.71
0.00287051 5.194188875500481e-11 10.7124 10.7124
0.00301403 5.4540665441854534e-11 10.7145 10.7145
0.00316473 5.726945305726367e-11 10.7165 10.7165
0.00332297 6.013485932141635e-11 10.7183 10.7182
0.00348912 6.31432002419782e-11 10.7199 10.7198
0.00366358 6.630166951901828e-11 10.7213 10.7213
0.00384675 6.961799692743804e-11 10.7226 10.7226
0.00403909 7.310030541046363e-11 10.7238 10.7238
0.00424105 7.675673237035606e-11 10.7249 10.7249
0.0044531 8.059577614574525e-11 10.7259 10.7259
0.00467575 8.462665789140369e-11 10.7268 10.7268
0.00490954 8.885914049812986e-11 10.7276 10.7276
0.00515502 9.330316648912588e-11 10.7283 10.7283
0.00541277 9.796937205764148e-11 10.729 10.729
0.00568341 1.0286882657106468e-10 10.7296 10.7296
0.00596758 1.0801326550178287e-10 10.7302 10.7302
0.00626596 1.1341482765997635e-10 10.7307 10.7307
0.00657926 1.1908653002989816e-10 10.7312 10.7312
0.00690822 1.2504177321834236e-10 10.7317 10.7317
0.00725363 1.3129547496151742e-10 10.7323 10.7322
0.00761631 1.3786193420567486e-10 10.7329 10.7327
0.00799713 1.4475691051982275e-10 10.7337 10.7335
0.00839698 1.5199817825657875e-10 10.7348 10.7344
0.00881683 1.5960281270783765e-10 10.7363 10.7357
0.00925767 1.675907293754498e-10 10.7385 10.7375
0.00972056 1.7598157829360235e-10 10.7416 10.7401
0.0102066 1.8480437434411226e-10 10.7474 10.7447
0.0107169 1.940684095664233e-10 10.7535 10.7498
0.0112528 2.038088010516735e-10 10.7619 10.7567
0.0118154 2.140488348134291e-10 10.7733 10.7662
0.0124062 2.2482229679639413e-10 10.7884 10.7787
0.0130265 2.3615785673841125e-10 10.808 10.7951
0.0136778 2.4809267209290077e-10 10.8332 10.8162
0.0143617 2.6066323625120895e-10 10.8647 10.8427
0.0150798 2.7391069933681436e-10 10.9037 10.8756
0.0158338 2.8787661066409455e-10 10.9511 10.9158
0.0166255 3.0260645966918137e-10 11.0078 10.9641
0.0174567 3.1814477490457616e-10 11.0746 11.0214
0.0183296 3.345489805333865e-10 11.1524 11.0883
0.019246 3.5186226744562056e-10 11.2416 11.1655
0.0202083 3.701414829929719e-10 11.3426 11.2535
0.0212188 3.8944543462053107e-10 11.4557 11.3524
0.0222797 4.0982127951628546e-10 11.5807 11.4625
0.0233937 4.313330702424547e-10 11.7175 11.5836
0.0245634 4.54033168840133e-10 11.8653 11.7153
0.0257915 4.779817051385515e-10 12.0237 11.8573
0.0270811 5.032376444316166e-10 12.1916 12.0089
0.0284352 5.298600022590464e-10 12.3679 12.1692
0.0298569 5.579112178537835e-10 12.5516 12.3373
0.0313498 5.874535531592254e-10 12.7411 12.512
0.0329173 6.185524890748158e-10 12.9353 12.6923
0.0345631 6.512711125186043e-10 13.1326 12.8769
0.0362913 6.856858237465403e-10 13.3319 13.0648
0.0381058 7.218657637129874e-10 13.5318 13.2547
0.0400111 7.598972571958985e-10 13.7313 13.4455
0.0420117 7.998525134480443e-10 13.9292 13.6365
0.0441123 8.418307854904516e-10 14.1249 13.8266
0.0463179 8.859252583948622e-10 14.3178 14.0153
0.0486338 9.322380595956988e-10 14.5075 14.2022
0.0510655 9.80887969918718e-10 14.694 14.3869
0.0536187 1.0319929399292458e-09 14.8776 14.5697
0.0562997 1.0856916257520394e-09 15.0587 14.7507
0.0591147 1.14212880331521e-09 15.2382 14.9305
0.0620704 1.2014723878019308e-09 15.4174 15.1099
0.0651739 1.2638947937898786e-09 15.5978 15.2903
0.0684326 1.329601034425051e-09 15.7815 15.4732
0.0718542 1.3988114841431484e-09 15.9709 15.6605
0.075447 1.471774498117717e-09 16.1691 15.8549
0.0792193 1.5487649138304036e-09 16.3798 16.0595
0.0831803 1.630119746264618e-09 16.6078 16.2781
0.0873393 1.7161981444250723e-09 16.8586 16.5155
0.0917062 1.807435391165634e-09 17.1395 16.7779
0.0962916 1.9043526836506015e-09 17.4594 17.0726
0.101106 2.007531646919369e-09 17.8294 17.4093
0.106161 2.1177016817335876e-09 18.2638 17.8
0.11147 2.2357665637152466e-09 18.7808 18.2599
0.117043 2.3626846751206763e-09 19.4027 18.8081
0.122895 2.5109064182755134e-09 20.5446 19.7647
0.12904 2.6647179600512706e-09 21.6674 20.733
0.135492 2.83499307429148e-09 23.13 21.9827
0.142266 3.0198528219118892e-09 24.8698 23.474
0.14938 3.221605976328761e-09 26.9704 25.2769
0.156849 3.4370052915367442e-09 29.3163 27.3087
0.164691 3.6642374993091853e-09 31.8258 29.5094
0.172926 3.910896004053533e-09 34.7725 32.0877
0.181572 4.153945402414907e-09 37.2288 34.3412
0.190651 4.40000184644699e-09 39.3766 36.3872
0.200183 4.647908972815874e-09 41.1201 38.1349
0.210192 4.900266793772665e-09 42.5287 39.6228
0.220702 5.168606168092214e-09 44.0202 41.1632
0.231737 5.45129331534294e-09 45.5114 42.6973
0.243324 5.746551097186335e-09 46.9113 44.1552
0.25549 6.059240585494755e-09 48.3656 45.6462
0.268265 6.389252426664614e-09 49.8492 47.1587
0.281678 6.727218471833003e-09 51.0139 48.4192
0.295762 7.081031089655327e-09 52.1015 49.6073
0.31055 7.452897384439379e-09 53.1577 50.7576
0.326077 7.843521657291666e-09 54.1792 51.8691
0.342381 8.252055657951072e-09 55.1133 52.9005
0.3595 8.680990056344455e-09 56.0083 53.889
0.377475 9.132817519808863e-09 56.9033 54.8642
0.396349 9.605811589469087e-09 57.7271 55.7742
0.416167 1.0103797468542463e-08 58.549 56.671
0.436975 1.0627739808521238e-08 59.3635 57.5518
0.458824 1.117969260329184e-08 60.188 58.4314
0.481765 1.1758008307150188e-08 60.9564 59.2606
0.505853 1.2364115344385459e-08 61.6716 60.0405
0.531146 1.3001634446507785e-08 62.38 60.8063
0.557703 1.3669523680288112e-08 63.0321 61.5211
0.585588 1.4370577651914521e-08 63.6528 62.2032
0.614868 1.5107103783774383e-08 64.2548 62.8627
0.645611 1.588114299271304e-08 64.8439 63.5044
0.677891 1.6695870746140667e-08 65.4417 64.1456
0.711786 1.755267121253132e-08 66.0374 64.7793
0.747375 1.845454366423656e-08 66.6457 65.4179
0.784744 1.9400229845076455e-08 67.2135 66.0208
0.823981 2.039390527159953e-08 67.7709 66.6113
0.86518 2.1435646668732995e-08 68.286 67.1645
0.908439 2.2531261718679827e-08 68.8041 67.715
0.953861 2.3681460332777864e-08 69.3005 68.2444
1.00155 2.4889074115108127e-08 69.7781 68.7548
1.05163 2.6166188853318833e-08 70.3377 69.3238
1.10421 2.7508070783664053e-08 70.891 69.8866
1.15942 2.8917926500847565e-08 71.4362 70.4419
1.2174 3.03992026588181e-08 71.9715 70.9883
1.27827 3.1954858154507556e-08 72.4952 71.5243
1.34218 3.358860065932969e-08 73.0057 72.0484
1.40929 3.530430230682821e-08 73.5012 72.5592
1.47975 3.7105664833855993e-08 73.9805 73.0555
1.55374 3.899712980099439e-08 74.4423 73.5359
1.63143 4.098278243752788e-08 74.8854 73.9996
1.713 4.306711878039104e-08 75.3091 74.4455
1.79865 4.52550568029764e-08 75.7128 74.873
1.88858 4.755152205995522e-08 76.096 75.2815
1.98301 4.996196491663679e-08 76.4586 75.6708
2.08216 5.2491888344187585e-08 76.8007 76.0407
2.18627 5.514729349956542e-08 77.1226 76.3913
2.29558 5.7934114184849765e-08 77.4243 76.7225
2.41036 6.085920457644651e-08 77.7068 77.035
2.53088 6.392939453286142e-08 77.9706 77.3289
2.65742 6.71516459516373e-08 78.2163 77.6049
2.79029 7.05338759800842e-08 78.4449 77.8636
2.92981 7.408413958806277e-08 78.6571 78.1056
3.0763 7.781052731037198e-08 78.8538 78.3317
3.23011 8.172195041805488e-08 79.036 78.5427
3.39162 8.582812023118556e-08 79.2046 78.7392
3.5612 9.01383155375373e-08 79.3604 78.9222
3.73926 9.466305980067394e-08 79.5044 79.0924
3.92622 9.941300262080536e-08 79.6374 79.2506
4.12253 1.04399609935436e-07 79.7602 79.3975
4.32866 1.096348092006997e-07 79.8735 79.5338
4.54509 1.1513077051528175e-07 79.9781 79.6604
4.77235 1.2090114386159646e-07 80.0748 79.7778
5.01097 1.2695931461329113e-07 80.1642 79.8868
5.26151 1.3331945383886044e-07 80.2468 79.988
5.52459 1.3999748858869012e-07 80.3233 80.0819
5.80082 1.4700886733986362e-07 80.3943 80.1693
6.09086 1.543704683452098e-07 80.4603 80.2506
6.3954 1.6209993045712413e-07 80.5219 80.3264
6.71517 1.702159735048447e-07 80.5798 80.3974
7.05093 1.7873789931566374e-07 80.6345 80.4643
7.40348 1.8768664916688024e-07 80.6869 80.5276
7.77365 1.970833606010103e-07 80.7376 80.5882
8.16234 2.0695155084336127e-07 80.7876 80.6469
8.57045 2.1731468333819688e-07 80.8379 80.7047
8.99897 2.2819889086108677e-07 80.8897 80.7626
9.44892 2.3963114120248184e-07 80.9442 80.8217
9.92137 2.516400500095784e-07 81.003 80.8835
10.4174 2.642056750873071e-07 80.9766 80.8581
10.9383 2.7739873120019887e-07 80.9432 80.8238
11.4852 2.9125945294066413e-07 80.9224 80.8
12.0595 3.0582585658091805e-07 80.9158 80.7882
12.6625 3.211333888616103e-07 80.9248 80.7899
13.2956 3.372211862937223e-07 80.9512 80.8066
13.9604 3.5413324534262517e-07 80.9964 80.8397
14.6584 3.7191114254261075e-07 81.0618 80.8908
15.3913 3.906022495334623e-07 81.1488 80.9613
16.1609 4.1025722587045e-07 81.2589 81.0526
16.9689 4.309239868942875e-07 81.3933 81.1661
17.8174 4.526613646106258e-07 81.5535 81.3035
18.7082 4.755219245750684e-07 81.741 81.4661
19.6436 4.99570378938347e-07 81.9572 81.6557
20.6258 5.248703325604626e-07 82.2037 81.874
21.6571 5.514887111425888e-07 82.4821 82.1227
22.74 5.79498483122704e-07 82.7941 82.4036
23.877 6.089731688460637e-07 83.1413 82.7185
25.0708 6.399922996088707e-07 83.5253 83.0692
26.3243 6.726406936767194e-07 83.9473 83.4572
27.6406 7.070232091844158e-07 84.4148 83.8884
29.0226 7.431986804565907e-07 84.9159 84.3549
30.4737 7.812797637211067e-07 85.4569 84.8612
31.9974 8.213672240592978e-07 86.0376 85.4077
33.5973 8.635839498604112e-07 86.6649 85.9997
35.2771 9.079972130123356e-07 87.3216 86.6244
37.041 9.547658776286811e-07 88.0218 87.2922
38.8931 1.0039839753524464e-06 88.7547 87.9948
40.8377 1.0557686085297951e-06 89.5166 88.729
42.8796 1.1102497549413196e-06 90.3038 89.4915
45.0236 1.1675823254389555e-06 91.1206 90.285
47.2747 1.2278728081661262e-06 91.9535 91.0985
49.6385 1.2912659502696955e-06 92.7971 91.927
52.1204 1.3575542325393446e-06 93.482 92.5926
54.7264 1.4271431615274743e-06 94.1356 93.2291
57.4627 1.5002647865711984e-06 94.7866 93.8658
60.3359 1.5770753320854597e-06 95.4283 94.4971
63.3527 1.657765677006657e-06 96.0624 95.1237
66.5203 1.742506140961844e-06 96.6822 95.7397
69.8463 1.8315180702410335e-06 97.2914 96.3476
73.3386 1.9249229327476397e-06 97.8717 96.934
77.0056 2.0229662848884995e-06 98.4295 97.5038
80.8559 2.1259311739396845e-06 98.9741 98.0624
84.8987 2.2340520310270615e-06 99.5029 98.6074
89.1436 2.347587659198087e-06 100.016 99.1384
93.6008 2.46681040592451e-06 100.513 99.6546
98.2808 2.591995731066281e-06 100.995 100.158
103.195 2.723270695513055e-06 101.417 100.601
108.355 2.861056245750521e-06 101.812 101.018
113.772 3.005824506143863e-06 102.214 101.441
119.461 3.1579028241670116e-06 102.608 101.856
125.434 3.317630715869192e-06 102.995 102.263
131.706 3.4853528700772084e-06 103.36 102.645
138.291 3.658624543658983e-06 103.38 102.758
145.206 3.841302939497005e-06 103.469 102.912
152.466 4.033356513323938e-06 103.57 103.063
160.089 4.23704532394073e-06 103.869 103.361
168.094 4.447922610558933e-06 103.869 103.43
176.498 4.66985273147855e-06 103.91 103.521
185.323 4.902064738114515e-06 103.871 103.544
194.589 5.14599035840996e-06 103.835 103.561
204.319 5.402289012358903e-06 103.806 103.576
214.535 5.6715299953842915e-06 103.782 103.588
225.261 5.954311612045239e-06 103.763 103.6
236.524 6.251382841730513e-06 103.749 103.611
248.351 6.5634245179183985e-06 103.739 103.622
260.768 6.8910938086307155e-06 103.731 103.632
273.807 7.2352921287833465e-06 103.727 103.642
287.497 7.596717737902808e-06 103.724 103.651
301.872 7.976288284104103e-06 103.723 103.66
316.965 8.374884848348713e-06 103.724 103.669
332.814 8.79343683754443e-06 103.725 103.678
349.454 9.232986233659305e-06 103.728 103.686
366.927 9.69454990497503e-06 103.732 103.695
385.273 1.0179153582614007e-05 103.735 103.703
404.537 1.0688103256434293e-05 103.74 103.711
424.764 1.1222494276434262e-05 103.745 103.719
446.002 1.1783632572242072e-05 103.75 103.726
468.302 1.2372831372637177e-05 103.755 103.733
491.717 1.2991511968127372e-05 103.761 103.741
516.303 1.3641179114038587e-05 103.767 103.748
542.118 1.4323326068582958e-05 103.773 103.755
569.224 1.5039519112627038e-05 103.778 103.762
597.686 1.579161759370171e-05 103.784 103.769
627.57 1.6581430142452794e-05 103.791 103.775
658.948 1.7410516339138937e-05 103.796 103.782
691.896 1.828117536922209e-05 103.802 103.789
726.491 1.9195424292950592e-05 103.808 103.795
762.815 2.0155375080392515e-05 103.814 103.801
800.956 2.116328628351477e-05 103.82 103.808
841.004 2.22216698658567e-05 103.826 103.814
883.054 2.333297274656636e-05 103.832 103.82
927.206 2.449972081006958e-05 103.837 103.826
973.567 2.5724973029750102e-05 103.843 103.832
1022.25 2.7011604605926786e-05 103.849 103.838
1073.36 2.8362391821807917e-05 103.855 103.844
1127.03 2.978080316482706e-05 103.86 103.849
1183.38 3.127010469231108e-05 103.866 103.855
1242.55 3.283379434165637e-05 103.871 103.861
1304.67 3.447572834869832e-05 103.877 103.866
1369.91 3.619986069655588e-05 103.882 103.872
1438.4 3.8010074207788776e-05 103.888 103.878
1510.32 3.991089799118769e-05 103.893 103.883
1585.84 4.190688465661179e-05 103.898 103.888
1665.13 4.400238771267183e-05 103.903 103.894
1748.39 4.620319240152512e-05 103.909 103.899
1835.81 4.8513754221302066e-05 103.914 103.904
1927.6 5.093967372803205e-05 103.919 103.91
2023.98 5.3487086244581915e-05 103.924 103.915
2125.17 5.616165296832613e-05 103.929 103.92
2231.43 5.897024800274299e-05 103.934 103.925
2343.0 6.19192171249348e-05 103.939 103.93
2460.15 6.501569914114966e-05 103.944 103.935
2583.16 6.826709736360828e-05 103.949 103.94
2712.32 7.16810796210722e-05 103.954 103.945
2847.94 7.526584255111104e-05 103.959 103.95
2990.33 7.902958305362208e-05 103.964 103.955
3139.85 8.298142064951607e-05 103.968 103.96
3296.84 8.713140322692826e-05 103.973 103.964
3461.68 9.148865365575953e-05 103.978 103.969
3634.77 9.606355274124627e-05 103.982 103.974
3816.51 0.00010086757824854564 103.987 103.979
4007.33 0.00010591199991765728 103.992 103.983
4207.7 0.00011120804872738727 103.996 103.988
4418.08 0.00011676925453235855 104.001 103.993
4638.99 0.00012260866164501375 104.005 103.997
4870.94 0.00012874013927669978 104.01 104.002
5114.49 0.0001351783083896717 104.015 104.007
5370.21 0.00014193801443960515 104.019 104.011
5638.72 0.00014903585696146986 104.023 104.015
5920.66 0.00015648900894584154 104.028 104.02
6216.69 0.00016431443292867215 104.032 104.024
6527.52 0.0001725305882365788 104.036 104.029
6853.9 0.00018115925467787527 104.041 104.033
7196.59 0.0001902176944534619 104.045 104.038
7556.42 0.00019973083174225375 104.05 104.042
7934.25 0.00020971895468631426 104.054 104.046
8330.96 0.00022020554149215256 104.058 104.051
8747.51 0.00023121772280356736 104.063 104.056
9184.88 0.00024278118511874712 104.068 104.06
9644.12 0.0002549209548531104 104.072 104.065
10126.3 0.00026766802970788994 104.076 104.069
10632.6 0.0002810541848952638 104.081 104.073
11164.3 0.0002951096892356668 104.085 104.078
11722.5 0.00030986825005593064 104.09 104.082
12308.6 0.0003253620432462563 104.094 104.087
12924.0 0.0003416331809310791 104.099 104.091
13570.3 0.0003587186315869896 104.103 104.096
14248.8 0.0003766565783527903 104.107 104.1
14961.2 0.0003954908820947348 104.111 104.104
15709.3 0.00041526914230328077 104.115 104.108
16494.7 0.0004360343706080594 104.12 104.113
17319.5 0.00045784073843571025 104.124 104.117
18185.4 0.0004807338702082246 104.128 104.121
19094.7 0.0005047745880233461 104.132 104.125
20049.4 0.0005300166330437527 104.137 104.13
21051.9 0.0005565191479880076 104.14 104.134
22104.5 0.0005843489778415316 104.144 104.138
23209.7 0.0006135726386553725 104.149 104.142
24370.2 0.0006442526975775216 104.152 104.146
25588.7 0.000676472644891298 104.157 104.15
26868.2 0.0007103025411459041 104.161 104.154
28211.6 0.0007458221766107584 104.165 104.158
29622.2 0.0007831150665352797 104.168 104.162
31103.3 0.0008222758172681743 104.172 104.166
32658.4 0.0008633934144057077 104.176 104.17
34291.3 0.0009065683571034235 104.18 104.174
36005.9 0.0009519068366097741 104.184 104.177
37806.2 0.0009995055074492776 104.188 104.182
39696.5 0.001049490590622234 104.192 104.185
41681.4 0.001101974152807461 104.196 104.189
43765.4 0.0011570728596292318 104.199 104.193
45953.7 0.0012149350678552755 104.203 104.197
48251.4 0.0012756944591609618 104.207 104.2
50663.9 0.0013394858994727782 104.211 104.204
53197.1 0.0014064625748658995 104.214 104.208
55857.0 0.0014767963392554478 104.218 104.212
58649.8 0.0015506447521483721 104.222 104.216
61582.3 0.0016281850642547388 104.225 104.219
64661.5 0.0017096129664794604 104.229 104.222
67894.5 0.0017950973708132465 104.233 104.227
71289.3 0.0018848723040145222 104.237 104.23
74853.7 0.001979117363454953 104.24 104.234
78596.4 0.0020780869167971437 104.244 104.238
82526.2 0.002182001198292909 104.247 104.241
86652.5 0.002291115643632596 104.251 104.245
90985.2 0.002405684945259414 104.254 104.248
95534.4 0.002525983756631278 104.258 104.252
100311.0 0.002652292489768341 104.261 104.255
105327.0 0.0027849368175902932 104.265 104.259
110593.0 0.0029241884251851717 104.268 104.262
116123.0 0.0030704267297257002 104.272 104.266
121929.0 0.00322396470973542 104.276 104.27
128025.0 0.0033851672762501657 104.279 104.273
134427.0 0.0035544625119474666 104.282 104.276
141148.0 0.0037322002393758553 104.286 104.28
148205.0 0.003918818460971165 104.289 104.283
155616.0 0.004114805515676732 104.293 104.287
163396.0 0.004320545348588755 104.296 104.29
171566.0 0.0045365996502607035 104.299 104.293
180144.0 0.004763429308573787 104.302 104.297
189152.0 0.0050016698779276015 104.306 104.3
198609.0 0.005251762677734876 104.309 104.303
208540.0 0.0055144005942824115 104.313 104.307
218967.0 0.005790148374061879 104.316 104.31
229915.0 0.006079656246988629 104.319 104.314
241411.0 0.006383676263558014 104.322 104.317
253481.0 0.006702909780176897 104.326 104.32
266155.0 0.00703808767379346 104.329 104.323
279463.0 0.007390034080676907 104.332 104.326
293436.0 0.007759544208337247 104.335 104.33
308108.0 0.008147604792324967 104.339 104.333
323513.0 0.008555015445192592 104.342 104.336
339689.0 0.008982818512295864 104.345 104.339
356674.0 0.009431989041053412 104.348 104.343
374507.0 0.009903617431517114 104.351 104.346
393233.0 0.010398915137559969 104.355 104.349
412894.0 0.010918896014625356 104.358 104.352
433539.0 0.011464903672197614 104.361 104.355
455216.0 0.012038207846251963 104.364 104.358
477977.0 0.012640143704746377 104.367 104.362
501876.0 0.01327221843395128 104.37 104.365
526969.0 0.013935919462899356 104.373 104.367
553318.0 0.014632753336945085 104.376 104.371
580984.0 0.015364540840827983 104.38 104.374
610033.0 0.016132762585580898 104.382 104.377
640534.0 0.01693946465770149 104.385 104.38
672561.0 0.01778653101152712 104.388 104.383
706189.0 0.01867603513588349 104.392 104.386
741499.0 0.019609945350291494 104.395 104.389
778574.0 0.020590542545567008 104.398 104.392
817502.0 0.021620051149397985 104.4 104.395
858377.0 0.022701159772012786 104.403 104.398
901296.0 0.02383633587017325 104.406 104.401
946361.0 0.02502827779988172 104.409 104.404
993679.0 0.026279816203709203 104.412 104.407
1043360.0 0.02759386111972963 104.415 104.41
1095530.0 0.02897374579754745 104.418 104.413
1150310.0 0.03042267131370693 104.421 104.416
1207820.0 0.03194381235849924 104.424 104.419
1268210.0 0.03354113711156893 104.427 104.422
1331630.0 0.03521861382848203 104.43 104.425
1398210.0 0.03697968188324178 104.433 104.428
1468120.0 0.03882877667542242 104.435 104.43
